time,x,y,z,phi,theta,psi,x_velocity,y_velocity,z_velocity,phi_velocity,theta_velocity,psi_velocity,rotor_speed1,rotor_speed2,rotor_speed3,rotor_speed4
0.06,9.409242104889153e-08,1.9056134819672657e-08,10.004154647577327,2.2743384763046492e-05,6.283002905221542,0.0,1.2072058759831601e-05,1.871436971587036e-06,0.13848075948537011,0.0011266584800928522,-0.009944652029079116,0.0,449.4075604371695,448.6009786497711,448.8367107070836,448.92811351104694
0.12000000000000001,6.819011670595634e-06,1.1823911267757364e-06,10.015074056955191,0.0004057166258322198,6.282093972202066,0.0,0.0002845951758876066,6.111395219362184e-05,0.22548568288233128,0.015236617497713274,-0.028392816044976846,0.0,432.87137734740315,431.31647389175953,432.8851020115166,434.07052387133433
0.18,5.4651206332244465e-05,1.7369396460723635e-05,10.032826037438666,0.000996023493389231,6.279989206991893,0.0,0.0015096567348085801,0.000563061400139595,0.36621131242144916,-0.004061582925675164,-0.05384860171935923,0.0,450.7003608051778,448.63792710431915,450.52670313454263,448.9638351840824
0.23999999999999996,0.0002280938148499554,7.220281803021488e-05,10.058957940507996,0.0002451964309226895,6.276624544917844,0.0,0.004626363968029868,0.0012229937213378696,0.5047990083130551,-0.0404531613162953,-0.060954781420418575,0.0,450.00504100256927,449.4274221875984,450.0407239237183,447.0859131235373
0.3,0.0006659480512778896,0.00014099073355389362,10.09377268398154,6.280913871032666,6.2732357066881335,0.0,0.010352764272048653,0.0007993984654101403,0.6556143795612948,-0.04510474529811384,-0.04877245238229269,0.0,452.66409999458335,453.64106685438946,453.09884470211205,452.7238652166422
0.36000000000000004,0.0014844329381442695,0.0001371552489342732,10.134257387714179,6.278546476346921,6.270293426560288,0.0,0.01720229760649197,-0.0011609941552159003,0.6938492705248975,-0.030051324883388335,-0.0495742727973626,0.0,417.726142773935,417.6545661650398,416.27487925413527,417.58892889218174
0.4200000000000001,0.002795725533420603,-3.583086692879583e-05,10.178992103460287,6.276586516153952,6.266978867812014,0.0,0.026825276037965935,-0.00479711136659506,0.797235462209537,-0.03848726922209379,-0.07007666679458999,0.0,439.1820336702908,437.4761930559089,439.03781658926766,438.3369910322982
0.48000000000000015,0.0047034536810701,-0.00044706587524659294,10.226720331979267,6.274070880471076,6.2626530696067135,0.0,0.03713506678084458,-0.009118853405822297,0.7936997298653186,-0.04988821539211817,-0.07647539533682997,0.0,403.6173817226422,403.03493499454885,404.0179227602807,402.9876379229973
0.5400000000000001,0.007473241079104536,-0.0012390351778739735,10.282013525336604,6.271140368282676,6.258045748593208,0.0,0.055761682911441124,-0.017648267519287917,1.0491906044601746,-0.04682791279189114,-0.07742236325220472,0.0,484.34281020282685,484.2674559028929,484.51455094949034,484.7432851395574
0.6000000000000002,0.01143211642846472,-0.0025945321086858473,10.350907597607122,6.268277449785341,6.253828843657509,0.0,0.07670846920420088,-0.02786265059218385,1.2470647804458959,-0.049551308100317125,-0.058874156305177984,0.0,467.8657965469599,469.3038843890489,467.7949789614053,467.58162816348204
0.6600000000000003,0.01648770695870497,-0.004499805845759742,10.423174666454925,6.264994051866491,6.250593932012642,0.0,0.09206502237967039,-0.03587905674477287,1.1619166579095563,-0.06785371473304214,-0.04549299292756237,0.0,374.42032232292297,375.7171914677324,376.49218213215073,374.71459449013395
0.7200000000000003,0.022687134635528093,-0.00703922030604159,10.495634630720902,6.260647230246189,6.247837015814737,0.0,0.11485530278157235,-0.049187936410929514,1.2533005061928923,-0.08372752890250358,-0.04687545717058732,0.0,435.74220593041235,435.62534494215305,436.36165793124724,435.03036186032307
0.7800000000000004,0.030422309034862913,-0.01054205302183719,10.576687752245153,6.2559233143391175,6.2448691745369445,0.0,0.1433099103178528,-0.06813136555939096,1.4482155688176006,-0.07025810268040625,-0.055219399072781825,0.0,468.77643147268327,468.1262655409734,466.6691711547769,467.7145566194956
0.8400000000000004,0.03986496460915509,-0.015237839303926394,10.667604975539504,6.25198947250944,6.241926057774478,0.0,0.1717701559206728,-0.08882419217509303,1.5821540283987607,-0.05753010706612356,-0.03893161443224277,0.0,449.5128179639935,450.82912624893953,449.0746876256534,450.10265435220623
0.9000000000000005,0.051020323123494124,-0.02121572435581064,10.765236999509492,6.248584964462607,6.239122662975635,0.0,0.20031865919587694,-0.11077886208217984,1.6720940995414608,-0.05521066160731485,-0.07071984901944887,0.0,437.28557343487626,434.6280223399077,436.94498455198135,437.13602680620113
0.9600000000000005,0.06419308993757902,-0.028768368503244657,10.8736156641073,6.245219931628604,6.234400283444696,0.0,0.23931102918748176,-0.14138392229368768,1.9400657628951015,-0.05788940007484628,-0.1037655867954427,0.0,491.7969656025375,489.33857485868543,490.2406154014831,490.03973221620873
1.0200000000000005,0.07972812575115398,-0.03816108557877521,10.995906981938518,6.241759796854412,6.228486618968681,0.0,0.2792085252083204,-0.17209474004210934,2.1359063885896203,-0.05723172659326751,-0.0897875925921954,0.0,469.72329668889074,470.79810169658407,470.49950188966125,470.54831823985626
1.0800000000000005,0.09781666465859182,-0.04949603290247041,11.130384145131973,6.238567256041364,6.223771240724771,0.0,0.3243086832614925,-0.2061091609252225,2.346197367915367,-0.046183571187819746,-0.06243827752516099,0.0,475.37678242763116,477.4629601963679,474.14048187339364,474.9867761892602
1.1400000000000006,0.11853686348381412,-0.06280969444054306,11.274467644092658,6.236117894098015,6.220144907348999,0.0,0.3667296002918837,-0.23793680135299175,2.4563091629452836,-0.03182231440852756,-0.056714803462962884,0.0,446.2129423775894,446.6773371359682,445.17938576137425,446.3519910389562
1.2000000000000006,0.14182214741438906,-0.07804095364856398,11.424297507378549,6.2340229990977996,6.2168924418193825,0.0,0.4097620845965671,-0.2699608625846387,2.537799270591935,-0.04195405472808386,-0.04961552684879893,0.0,437.76241499263597,438.35072732700047,437.6613544020579,436.8167214089841
1.2600000000000007,0.16786592410494555,-0.0953209158090625,11.580699641582774,6.232199375866603,6.21405064554677,0.0,0.4586515497781769,-0.3062483336274994,2.6752458624762467,-0.013855929869437391,-0.04320285354555338,0.0,454.8334096758164,455.34538309385874,455.0613193440885,457.30450792331345
1.3200000000000007,0.19693585695556712,-0.1148363176045078,11.745812495143495,6.231170551959027,6.2112481047078365,0.0,0.5106109639168933,-0.34434738475870597,2.82810678500742,-0.024710797493957517,-0.05484911097947214,0.0,462.50987156568584,461.5904775755579,460.54918495333993,459.68991319619613
1.3800000000000008,0.22918517723114867,-0.13666190164489947,11.92006251242137,6.229395998115656,6.208383919644355,0.0,0.5646674403830151,-0.38332767453839167,2.97978953357774,-0.04171309034613546,-0.03636300561784823,0.0,461.36586667959904,462.82173044564917,461.7617450663197,460.4182564131939
1.4400000000000008,0.2646648814883813,-0.16081813225445288,12.102454733833167,6.227104543928906,6.206102679545733,0.0,0.6181927267682802,-0.4221135174309883,3.0995803886972135,-0.03194352094286753,-0.041560237201974874,0.0,453.7657524082272,453.3476699242766,451.5267693972792,452.3135453868749
1.5000000000000009,0.3035585322515546,-0.18746004179892425,12.294025556554939,6.225974624146545,6.204586333101382,0.0,0.678430976121889,-0.46608686697949914,3.2855445363508786,-0.0007299683107062568,-0.004281655451829234,0.0,472.3716237790916,475.2373863890836,472.0448899743137,474.44744063361617
1.560000000000001,0.3460265248355136,-0.21671036559717624,12.495920772131539,6.2272960461429925,6.204632392893618,0.0,0.7371323788339063,-0.5088078902614147,3.443812941982097,0.047857134364711076,0.00932430530863571,0.0,465.5456474415713,466.6090579354744,464.81324193478684,468.60563908586954
1.620000000000001,0.39185109661446466,-0.24837292319930257,12.705284651190553,6.2304108970552114,6.204927270063763,0.0,0.790276068731683,-0.5462980717955628,3.534708417149554,0.058992292594697036,-0.0058153935877006,0.0,447.50267337557096,446.26848290517165,446.0336390350569,446.9438456713046
1.680000000000001,0.4410625329813517,-0.2823548385764552,12.922685824830602,6.234027641854498,6.204546534061876,0.0,0.8500915507731429,-0.5860030501860364,3.711434506316994,0.06273483611588862,-0.007427720398774681,0.0,473.9307500435828,473.8069110968003,472.83732528305836,473.1278982852609
1.740000000000001,0.4936153968676982,-0.3184792299097434,13.147468987487455,6.238401220464521,6.204095681814554,0.0,0.9016849797317459,-0.6177369455706345,3.7811094523334168,0.08791605432596283,-0.007687739506943378,0.0,441.75767453440477,441.73634533890987,440.787577553817,442.86775869319024
1.8000000000000012,0.5492798599147459,-0.35642284667188434,13.3765588798539,6.244170087332851,6.204148461618448,0.0,0.9537815651696788,-0.6465023559283335,3.8549838152450135,0.10892318723440104,0.014070262385084902,0.0,442.51826703716694,444.3058365034385,442.91191679739086,444.64407516393885
1.8600000000000012,0.6078310284238172,-0.3958632996955787,13.607168331522214,6.252057611683455,6.205545999867754,0.0,0.9978191661890745,-0.6675724563599075,3.8321085575892573,0.15713057931883986,0.037255232353200315,0.0,411.10052964162975,413.1500772027538,410.51726337516124,414.7888594364631
1.9200000000000013,0.6690685308112765,-0.43645713477467296,13.837379568964755,6.261958439448154,6.208170802167292,0.0,1.043196091733934,-0.6847084006105755,3.841620070774832,0.1773536347728902,0.05430411998727545,0.0,421.69844778154595,423.1698520914495,422.6609211263157,424.42743286350634
1.9800000000000013,0.7332596873565026,-0.47797434380869314,14.071991888964808,6.2724124955745495,6.21184210582307,0.0,1.0960825213607241,-0.6980698771106155,3.9783851288111967,0.16713533727753366,0.07226375431282099,0.0,462.0203130241592,463.4366553055491,464.0193428864324,463.2441922396786
2.0400000000000014,0.8005924527250428,-0.5200777342289865,14.315610353390188,6.2824320611997795,6.2158663754319985,0.0,1.1478155312282632,-0.7042684688917262,4.141711993459751,0.16670647238713704,0.05387372596569461,0.0,472.96420315106417,471.54861419907303,471.6802541089772,471.67202855445913
2.1000000000000014,0.8705822084284205,-0.5623341544046435,14.563705217778919,0.010159047212442651,6.219670272784432,0.0,1.1848588369736064,-0.7033913379007635,4.128215984409709,0.20186529946760348,0.07770667166226285,0.0,415.87604924820187,417.9616551371151,416.29477633612504,419.39322904808046
2.1600000000000015,0.9430346554390422,-0.6042848205686311,14.815992665989658,0.02212444576725403,6.223992921284147,0.0,1.2296720403435841,-0.6936620608440037,4.2808546362266195,0.19403747252443668,0.05723343178927016,0.0,469.96721073363864,468.38113586830724,470.38969018152164,469.8195822214333
2.2200000000000015,1.0179369761134671,-0.6454490292999373,15.07499975994072,0.033387374955061944,6.227881882485303,0.0,1.2666773660467263,-0.6773705542595386,4.3524764543077135,0.1704660226013734,0.07678838019686025,0.0,445.75853250549386,447.35680263098067,446.24372518717735,444.34892358599177
2.2800000000000016,1.0950931188184205,-0.6853431550450899,15.340475099528216,0.043308526194193675,6.232459207891189,0.0,1.3046462022024232,-0.6513639247637998,4.496173418082806,0.15243166433669264,0.0752709103562596,0.0,469.03446359843105,468.92084745472783,468.74101413883204,467.3616674747758
2.3400000000000016,1.174274026337764,-0.7235982903482291,15.611593465546898,0.05249348637808193,6.236793038947804,0.0,1.334273059373685,-0.6229579874269386,4.540949625004358,0.15435231078507358,0.06532982355474481,0.0,439.3455305508909,438.52450741962275,439.1048899821503,439.2866163755762
2.4000000000000017,1.2553652725957019,-0.7597165100046758,15.890144384427721,0.06226838597767159,6.240808738103112,0.0,1.368247422500333,-0.5799096357939254,4.743261582191045,0.17608500515289768,0.06994619407875054,0.0,486.6294820758838,486.9778605597706,486.5954442973322,488.24211745495455
2.4600000000000017,1.3381617265678032,-0.7933734274524545,16.175252591989736,0.07311569478987767,6.245109655863391,0.0,1.391230729749497,-0.5410313080629126,4.760274180038439,0.1888291095398792,0.07494356541352563,0.0,431.4203868965115,431.8462997734543,432.28828495795756,433.39333734535245
2.520000000000002,1.422479763253545,-0.8240430750316158,16.467418196605827,0.08472670975743224,6.249627955526794,0.0,1.4187781342131023,-0.4799890745980572,4.977624707891554,0.2015337345046559,0.07601782757342165,0.0,492.93725508758706,493.0204829859948,492.9597848762332,493.93004658798804
2.580000000000002,1.5081645865094948,-0.8512214589024495,16.767389823888834,0.09670203082642015,6.254671069495579,0.0,1.4369023765638147,-0.4248442540108447,5.021206887297009,0.19539104786513894,0.09658583647609369,0.0,440.6378816104334,442.34083668381726,444.674437561558,444.20986683630207
2.640000000000002,1.594916285425459,-0.874562694624411,17.073008027431218,0.10875687328794825,6.2608341310772175,0.0,1.4541273924289844,-0.3519625588027573,5.165372081948891,0.21013250771670333,0.11278568932545556,0.0,473.8645617067045,475.11669322322274,473.5415340873504,474.7108079802843
2.700000000000002,1.6825316427714518,-0.8933943248389106,17.38606862006667,0.1215411287781416,6.267170028340374,0.0,1.4656687571924407,-0.2745009790914964,5.269434842735599,0.21837210051328737,0.08463522003564633,0.0,464.8372234144263,462.6345568050695,463.2781961691837,463.968314999522
2.760000000000002,1.7706766067624848,-0.9075741329550371,17.70322823648425,0.13471704335122237,6.272564118244354,0.0,1.4719889016983638,-0.19696105845824136,5.302301258495723,0.22194095057632635,0.09876393451858138,0.0,442.9483662132411,444.1156152641735,441.6509438957004,441.9932530631879
2.820000000000002,1.8591062492940742,-0.9166635469171,18.023714214392808,0.14809199311877475,6.27815000801038,0.0,1.4750667562100912,-0.1047427236756284,5.380067153186269,0.22479414758111615,0.07827984820936376,0.0,458.4623976720216,456.8386011007204,456.8969238704925,457.17211024874285
2.880000000000002,1.947597046522698,-0.9203740387226921,18.346037863603158,0.16196764302913635,6.28282524394697,0.0,1.4742105130308778,-0.01775748063674113,5.3639763633384465,0.24177036355260792,0.07719268780909098,0.0,428.2514499094618,428.1640345333796,427.86012209950377,429.35815664567195
2.940000000000002,2.0359513196156462,-0.9181610698120547,18.670141210387932,0.17626871306457126,0.004244193893210735,0.0,1.4704594125841053,0.09288969493469945,5.43889437162799,0.230462491845803,0.07581213892710564,0.0,459.1379380352484,459.03283223807443,456.93243876604055,456.0848908891772
3.000000000000002,2.123997003737761,-0.9094287474262541,18.996457880254212,0.19049866748265387,0.008566915831526245,0.0,1.4639922406304786,0.19942045222067545,5.438101200217261,0.24798927605772605,0.0631884238205685,0.0,435.24198768847873,434.1880894429515,434.30285386526356,435.82760569095973
3.0600000000000023,2.211586307071355,-0.8942348717445886,19.3217288308266,0.2049930733832115,0.01274910474116453,0.0,1.4553060567086376,0.30829004384720965,5.404158196658419,0.22396474903334734,0.08028956430531851,0.0,424.181014402031,425.65115974239137,424.93856384323414,422.9344973974816
3.1200000000000023,2.298551701899823,-0.8718588357986616,19.646867661190146,0.21800228701645352,0.017145157355494156,0.0,1.443097784493126,0.4387698927407053,5.433358789754836,0.19608998890759896,0.05305006100703248,0.0,446.34210551614285,444.11706629468597,446.8291055824679,444.59602440691725
3.1800000000000024,2.384699861136701,-0.8413485505923339,19.97400506958397,0.2300854595574373,0.02080035022610449,0.0,1.428180786895502,0.5793072833403369,5.4707140635913385,0.21028373589191512,0.0732524740241049,0.0,447.8390243668518,449.4820400277453,448.8630726932414,450.05264044436547
3.2400000000000024,2.469798543392226,-0.8013299757825262,20.306892946152516,0.2426213887610924,0.025453760938995984,0.0,1.4079423308965797,0.7558460553076121,5.6243814989507595,0.20608716090383503,0.08500915161630569,0.0,484.76074490218406,485.64768787770606,486.93067822360365,486.655386106079
3.3000000000000025,2.5536256490876075,-0.7509277415194456,20.646967303814197,0.25564899999624924,0.03065131339002658,0.0,1.3857717151610385,0.9253828100883197,5.710562489889933,0.23309493392900288,0.089675746273687,0.0,467.2566283672032,467.62613157308346,467.3777906151167,469.52140833824444
3.3600000000000025,2.6360595780350735,-0.6904683769543734,20.99067610357922,0.269095084604853,0.035683549747481,0.0,1.3615291981643094,1.0911389299035537,5.745734756535474,0.1922888949675568,0.06855032377842338,0.0,454.48684804184705,452.79563284180296,455.5288067762974,452.30021901722574
3.4200000000000026,2.716942908412794,-0.619801623612503,21.33648817473256,0.2803054646061538,0.03984263683381961,0.0,1.3341982892221333,1.2653883016718208,5.780676994057083,0.1727946075857833,0.07081035597322963,0.0,455.35750580636176,455.54181116890567,455.5348998154469,454.0057939305886
3.4800000000000026,2.7963907790644402,-0.5404286699382815,21.677586855465098,0.29045400475489025,0.04385588725646983,0.0,1.3137777383613432,1.38121935915548,5.58986483826814,0.16061265813006773,0.05758974051719847,0.0,377.13725906708106,375.8619824644278,378.7698189359137,377.62893534431464
3.5400000000000027,2.8741681056476676,-0.4514154734276019,22.015738796417267,0.3002035617065575,0.04794862832584634,0.0,1.2784325001475816,1.5866649207751948,5.680877762720674,0.1660053355969507,0.08374720156477214,0.0,471.40820434870784,473.42849732261635,473.8153389945841,474.253114285593
3.6000000000000028,2.950010382913471,-0.35156439443250076,22.353863245773777,0.3104165213092891,0.05301120554829275,0.0,1.2492425594530845,1.7425205929014531,5.589913714077629,0.17752123458255376,0.08560487932899279,0.0,414.00690153021543,414.17675237390597,415.738825647673,416.77660545019523
3.660000000000003,3.02388755070355,-0.24144857926121083,22.68882950716082,0.3212697071870583,0.05892812920638413,0.0,1.2128393145822793,1.9288550295376936,5.575126037657882,0.18687781012702423,0.11660979664463292,0.0,439.7588062819606,442.3280724552545,441.6484651995153,442.4513804257824
3.720000000000003,3.0952130707629646,-0.11862401976480208,23.026847566133355,0.3325412581233742,0.06598610214136169,0.0,1.1639574432326465,2.166155973067982,5.6908317025063955,0.1897501558819158,0.1196025245087092,0.0,485.38564760920417,485.6213529970954,483.29646000652656,483.54409655359785
3.780000000000003,3.1637112750462526,0.017376613866620646,23.36799012039989,0.3435656433477119,0.0742659205682612,0.0,1.118616159712779,2.368046478173969,5.679957838799753,0.1676837823196098,0.1606886411840324,0.0,445.0350332527565,448.4023992729899,447.80458788008906,446.0377117166739
3.840000000000003,3.2292516774185884,0.16601347346135256,23.709357086994515,0.353446008105216,0.0836451248100678,0.0,1.0651796155651934,2.5872162869229527,5.698132752192172,0.1578545350569856,0.14573152294452318,0.0,458.41653303442826,457.2484252939092,458.1746178444892,457.41727449791193
3.900000000000003,3.2917901202282582,0.3264055940484009,24.047521392581828,0.3634319600613214,0.09271405076030881,0.0,1.018748825818976,2.759924906809995,5.574018041098509,0.1796204779112887,0.16022148020174815,0.0,409.1873621565042,410.4989868035653,410.04808833037765,412.00603480700994
3.960000000000003,3.3509494379413742,0.4990083700263292,24.38266199269078,0.37463472943741394,0.10176128282292218,0.0,0.9523574898095863,2.994234141195783,5.596367365280672,0.1980484214121555,0.1146444192235548,0.0,464.0907854328013,460.51781227834016,459.4773648607664,460.9684437663488
4.020000000000002,3.405853951928349,0.6862358725516533,24.719988140037774,0.38626921857129926,0.10814732857971787,0.0,0.8772006690592166,3.2474361965802734,5.646608238159869,0.18399764961949433,0.08007187109110926,0.0,473.4321855784176,470.7727413520984,473.46325519851155,472.41482826953944
4.080000000000001,3.4560093471611313,0.8892724926473418,25.061237088086305,0.3971387195028937,0.11258935842255458,0.0,0.7942818847997498,3.5210647116993297,5.726909053433236,0.17478119099852787,0.05785122242684313,0.0,485.6615214172474,483.99532362716684,484.96985051307183,484.30565668818025
4.14,3.501525738931199,1.1074829048547046,25.403783349595113,0.4077455435087183,0.11605717266317583,0.0,0.7226938054614218,3.7532454780942093,5.690560261825598,0.18050057413028103,0.05768809128039244,0.0,449.855491293019,449.84454226461884,449.0844471510906,449.57793770721213
4.199999999999998,3.5427993768577317,1.339411067205552,25.743210436983816,0.4194326678178042,0.11981493069323612,0.0,0.6528433152737533,3.978381818643792,5.623060659145195,0.2139789505702867,0.07102528488907658,0.0,440.5174498043716,441.6220297000236,438.65246897192384,441.4606952331308
4.259999999999997,3.5798155849102744,1.5850328979618196,26.07854108941672,0.4320855250635809,0.1239614817790029,0.0,0.5807339522817662,4.209775355009292,5.553911791358828,0.20384045366675832,0.06497393220836002,0.0,442.27564461130754,441.7804729910184,441.4826193732483,440.68919576911617
4.319999999999996,3.6120996278089685,1.8458565175412585,26.41209913562847,0.4442412861868945,0.12767443093964737,0.0,0.4951606843186233,4.484950151968604,5.563408098629983,0.199987852366,0.05484822550368065,0.0,470.8678317739298,470.0861611875201,469.97767440128814,469.7167219278291
4.379999999999995,3.6397906151633674,2.121350389674263,26.741876774238303,0.4561469416949242,0.13068512558442613,0.0,0.42765841105625524,4.698876683520515,5.428844602099767,0.1951146234219853,0.03865758670786261,0.0,423.8089937660595,422.41638827945746,421.9688995709203,421.5887157999771
4.439999999999993,3.66309443741098,2.410820427591968,27.06554390180883,0.46735238387950595,0.1334992815852285,0.0,0.34900057575600235,4.950678295446585,5.359249209322311,0.15952310014165835,0.05969879666045423,0.0,445.99499604241066,447.71192598519974,448.44692656284326,445.5782526987115
4.499999999999992,3.6815672107381947,2.7157520005129934,27.38538225192144,0.4771096015925469,0.1374963114130905,0.0,0.2665213917452351,5.214051334429874,5.301184716141642,0.16818205727576738,0.07773663116561193,0.0,451.64658993344494,453.1025722982962,452.94808265030355,453.6686288112379
4.559999999999991,3.6945561635177215,3.038147582766892,27.704629014504807,0.48703580573150873,0.14196407238035125,0.0,0.1661661668945767,5.532617746563953,5.338782613799325,0.15929625195626,0.06694905252279164,0.0,489.05310020121914,488.252500820661,486.4605465819238,485.81806377145676
4.6199999999999894,3.702172986914457,3.3773947245130653,28.021513323211227,0.4968128618615486,0.14576879817856003,0.0,0.08747812230329716,5.775980757627046,5.223495478133592,0.1694003751326917,0.05518946316223516,0.0,438.0699421339209,437.09367756646935,437.7116488988245,438.5775617114672
4.679999999999988,3.7051353827741327,3.730951102421928,28.330697658194264,0.5070418416356022,0.14878163570871195,0.0,0.011073637878220237,6.009639943758666,5.082243074714206,0.1725619305596702,0.03772539102542148,0.0,431.0686788875214,429.59155026711943,428.62406807034506,428.92176745316607
4.739999999999987,3.702938240573941,4.100363033780175,28.63446822742817,0.5173873285786623,0.15157520698322635,0.0,-0.08438308534301703,6.304256871534235,5.042250072068623,0.17214946495305716,0.06006457225750115,0.0,466.879081793819,468.62035486012775,467.032104368098,467.02690220072014
4.799999999999986,3.694896139516815,4.4877895286004295,28.936135514669466,0.5276598822428271,0.15486980928801053,0.0,-0.18382834714295715,6.610034712787847,5.012000223751058,0.16926202697736445,0.04183689436601549,0.0,473.77865800287134,472.37651267680104,474.21767792545404,474.02188064860485
4.859999999999984,3.68129754622781,4.892184494504501,29.23334703830882,0.5376675627116736,0.15698915325896934,0.0,-0.2695486247325155,6.870011700973544,4.894357898317803,0.1613449898161911,0.0172655124185263,0.0,446.09603428827444,444.0849543127952,445.9251889089063,445.30426680988336
4.919999999999983,3.662197159682363,5.313349107682758,29.525252505751162,0.5477369286701625,0.15793236911105524,0.0,-0.36703696694327925,7.168814755713233,4.834668568198769,0.1783521580505377,0.012435494759589981,0.0,468.7485806227283,468.3728658690105,467.00483752104003,468.35505609294745
4.979999999999982,3.6374210850307174,5.751945785530595,29.8125231815657,0.5583964887361441,0.1582491309230134,0.0,-0.4587299259112738,7.451172351550897,4.740037187347387,0.17623855811807654,-0.015569478744199243,0.0,459.2419400330618,457.01447972773565,458.68769802209204,458.5491347896951
5.0399999999999805,3.6076981685449137,6.205755378799127,30.091136565050174,0.569148281497462,0.15732693527754282,0.0,-0.5319359422819587,7.676136860497437,4.546845630069264,0.1845311347230611,-0.014973800108723123,0.0,423.8511959240458,423.90249431130746,422.1322862143623,422.8802607963688
